1 0.177586 0.392682 0.350359 0.783576
2 0.205867 0.658271 0.120234 0.453812
2 0.276016 0.622812 0.091844 0.451741
2 0.158430 0.405247 0.087422 0.322306
2 0.855820 0.574153 0.099984 0.339318
2 0.096023 0.680224 0.109578 0.479835
2 0.807617 0.466376 0.024328 0.084941
2 0.891945 0.456412 0.024766 0.079459
8 0.123516 0.761824 0.066156 0.116212
8 0.248727 0.691741 0.060703 0.144612
2 0.162195 0.569671 0.076703 0.373129
8 0.880641 0.576553 0.041094 0.084635
0 0.334656 0.452341 0.050813 0.068400
0 0.774414 0.470635 0.025828 0.088000
1 0.562242 0.443553 0.415547 0.392612