19 0.549445 0.694110 0.144422 0.174122
19 0.370484 0.664859 0.094188 0.167049
19 0.455648 0.550398 0.132984 0.181077
19 0.888539 0.495293 0.097328 0.101171
19 0.706062 0.445925 0.072625 0.068946
19 0.598992 0.412576 0.095578 0.077283
19 0.597328 0.483536 0.133438 0.129415
19 0.771359 0.382869 0.058562 0.060632
19 0.701672 0.313782 0.075281 0.058571
20 0.503766 0.558431 0.953562 0.568525
19 0.387953 0.571663 0.069781 0.077424
19 0.794625 0.613478 0.113937 0.161803
9 0.068898 0.187693 0.136859 0.372201
19 0.747359 0.482213 0.065656 0.072201
21 0.796633 0.115878 0.119891 0.156253
19 0.834852 0.565105 0.126828 0.111991
19 0.618750 0.484778 0.628125 0.444965